	Çarpma Anı	Çarpmasız Sürüş Süresi	Kümülatif Süre
0	7,997053146		0
1	12,50773311	4,51067996	4,51
2	17,47437906	4,966645956	9,48
3	23,39998603	5,925606966	15,40
4	29,69166994	6,291683912	21,69
5	37,6258781	7,934208155	29,63
6	42,82380009	5,197921991	34,83
7	49,50051308	6,67671299	41,50
8	56,79112911	7,290616035	48,79
9	62,66563702	5,874507904	54,67
10	69,36768508	6,702048063	61,37
11	76,66651893	7,298833847	68,67
12	82,62125111	5,95473218	74,62
13	96,43744612	13,81619501	88,44
14	106,1026421	9,665195942	98,11
15	116,741771	10,63912892	108,74
16	143,2151031	26,47333217	135,22
17	149,468169	6,253065825	141,47
18	155,3723331	5,904164076	147,38
19	162,3539681	6,981635093	154,36
20	167,552954	5,198985816	159,56
21	173,4458721	5,892918109	165,45
22	179,4356351	5,989763022	171,44
23	203,10989	23,67425489	195,11
24	209,6184421	6,508552075	201,62
25	214,4688101	4,850368022	206,47
26	220,672713	6,20390296	212,68
27	228,588239	7,915525914	220,59
28	235,135648	6,547409057	227,14
29	244,8400731	9,704425097	236,84
30	253,4270279	8,586954832	245,43
31	260,299644	6,872616052	252,30
32	268,5835931	8,283949137	260,59
33	283,0830832	14,49949002	275,09
34	292,709655	9,626571893	284,71
35	298,2856851	5,576030016	290,29
36	310,7091651	12,42348003	302,71
37	318,0508401	7,341675043	310,05
38	323,9360971	5,885257006	315,94
39	332,1329901	8,196892977	324,14
40	338,7306051	6,597615003	330,73
41	345,0005879	6,269982815	337,00
42	373,5044291	28,50384116	365,51
43	380,7858331	7,281404018	372,79
44	395,9713881	15,18555498	387,97
45	402,2251081	6,253720045	394,23
46	409,571435	7,346326828	401,57
47	415,5597661	5,988331079	407,56
48	423,998322	8,438555956	416,00
49	430,6639371	6,665615082	422,67
50	437,3617671	6,697829962	429,36
51	444,3790131	7,017246008	436,38
52	454,5397141	10,16070104	446,54
53	460,44137	5,901655912	452,44
54	467,3773601	6,935990096	459,38
55	501,4790862	34,10172606	493,48
56	519,083025	17,60393882	511,09
57	526,9770021	7,893977165	518,98
58	532,8282311	5,851228952	524,83
59	550,231066	17,40283489	542,23
60	563,4886529	13,25758696	555,49
61	568,701422	5,212769031	560,70
62	576,6707311	7,969309092	568,67
63	581,8713222	5,200591087	573,87
64	589,5431302	7,671808004	581,55
65	595,73979	6,196659804	587,74
66	606,5487251	10,80893517	598,55
67	615,9431391	9,394413948	607,95
68	622,6153841	6,672245026	614,62
69	634,488524	11,87313986	626,49
70	640,359935	5,871411085	632,36
71	649,131422	8,771486998	641,13
72	656,147567	7,016144991	648,15
73	665,2623281	9,114761114	657,27
74	670,4774899	5,2151618	662,48
75	677,0833271	6,605837107	669,09
76	685,1828392	8,0995121	677,19
77	689,7388351	4,555995941	681,74
78	695,4792881	5,740453005	687,48
79	705,6667721	10,18748403	697,67
80	716,8433471	11,17657495	708,85
81	722,3566999	5,513352871	714,36
82	730,040009	7,683309078	722,04
83	735,9964931	5,956484079	728,00
84	752,757992	16,76149893	744,76
85	759,765403	7,007411003	751,77
86	770,6188581	10,85345507	762,62
87	777,5876951	6,968837023	769,59
88	798,537472	20,94977689	790,54
89	812,11502	13,57754803	804,12
90	822,5592141	10,44419408	814,56
91	837,2946939	14,73547983	829,30
92	852,9746401	15,67994618	844,98
93	860,3331881	7,358547926	852,34
94	869,0422411	8,709053039	861,05
95	883,0775361	14,03529501	875,08
96	898,5255489	15,44801283	890,53
97	913,2229981	14,69744921	905,23
98	919,8996952	6,676697016	911,90
99	926,5696549	6,669959784	918,57
100	932,857192	6,287537097	924,86
101	939,8120031	6,954811097	931,81
102	950,948117	11,13611388	942,95
103	957,190753	6,242635965	949,19
104	964,6057041	7,414951086	956,61
105	970,5525701	5,946866036	962,56
106	977,230948	6,678377866	969,23
107	983,562166	6,331218005	975,57
108	990,645035	7,082869052	982,65
109	1007,068964	16,42392897	999,07
110	1013,765851	6,69688702	1005,77
111	1019,667961	5,9021101	1011,67
112	1026,642288	6,97432685	1018,65
113	1035,710387	9,06809902	1027,71
114	1042,438094	6,72770715	1034,44
115	1060,029292	17,59119797	1052,03
116	1068,42659	8,39729786	1060,43
117	1078,256142	9,82955217	1070,26
118	1102,416096	24,15995383	1094,42
119	1109,023613	6,60751701	1101,03
120	1116,02168	6,99806714	1108,02
121	1127,537168	11,51548791	1119,54
122	1144,590625	17,05345702	1136,59
123	1150,222183	5,63155794	1142,23
124	1156,50017	6,277987	1148,50
125	1163,775713	7,27554298	1155,78
126	1183,732808	19,95709514	1175,74
127	1189,386129	5,65332103	1181,39
128	1214,590959	25,20482993	1206,59
129	1220,217423	5,62646389	1212,22
130	1227,62167	7,40424705	1219,62
131	1237,752458	10,13078809	1229,76
132	1244,014704	6,26224589	1236,02
133	1257,673899	13,65919495	1249,68
134	1265,738	8,06410121	1257,74
135	1276,344329	10,60632897	1268,35
136	1285,833445	9,48911595	1277,84
137	1291,802939	5,96949387	1283,81
138	1317,687125	25,88418603	1309,69
139	1326,448938	8,76181316	1318,45
140	1335,220449	8,77151084	1327,22
141	1342,562863	7,34241414	1334,57
142	1349,198857	6,63599396	1341,20
143	1354,819542	5,62068486	1346,82
144	1361,758844	6,93930221	1353,76
145	1375,669378	13,9105339	1367,67
146	1397,422213	21,75283504	1389,43
147	1405,793235	8,37102198	1397,80
148	1412,415721	6,62248588	1404,42
149	1428,248213	15,83249211	1420,25
150	1452,454807	24,20659399	1444,46
151	1461,503628	9,04882098	1453,51
152	1482,111522	20,60789394	1474,11
153	1486,628081	4,51655912	1478,63
154	1493,402743	6,77466202	1485,41
155	1504,608976	11,20623303	1496,61
156	1514,023757	9,41478085	1506,03
157	1522,695126	8,67136908	1514,70
158	1529,292228	6,59710192	1521,30
159	1541,952118	12,65989018	1533,96
160	1551,752113	9,79999494	1543,76
161	1561,203955	9,45184184	1553,21
162	1567,150066	5,9461112	1559,15
163	1582,638353	15,48828697	1574,64
164	1589,365538	6,72718501	1581,37
165	1601,292272	11,92673397	1593,30
166	1623,113214	21,82094193	1615,12
167	1632,92167	9,80845594	1624,92
168	1651,538722	18,61705208	1643,54
169	1666,321501	14,78277898	1658,32
170	1673,367408	7,04590702	1665,37
171	1678,947337	5,57992911	1670,95
172	1686,212096	7,26475883	1678,22
173	1692,578225	6,36612916	1684,58
174	1697,442504	4,86427879	1689,45
175	1703,420399	5,97789502	1695,42
176	1709,714606	6,2942071	1701,72
177	1716,332199	6,61759305	1708,34
178	1734,566422	18,23422289	1726,57
179	1741,588795	7,02237296	1733,59
180	1747,482782	5,89398718	1739,49
181	1753,421797	5,93901491	1745,42
182	1760,129959	6,70816207	1752,13
183	1767,19441	7,06445098	1759,20
184	1773,191243	5,99683284	1765,19
185	1779,549883	6,3586402	1771,55
186	1785,550112	6,00022888	1777,55
187	1792,201338	6,65122604	1784,20
188	1798,944708	6,74337006	1790,95
189	1806,015153	7,07044482	1798,02
190	1811,303334	5,28818107	1803,31
191	1821,278737	9,97540307	1813,28
192	1835,424123	14,14538598	1827,43
193	1850,365129	14,94100594	1842,37
194	1857,755184	7,39005495	1849,76
195	1863,406506	5,65132212	1855,41
196	1869,786031	6,37952495	1861,79
197	1876,122245	6,33621406	1868,13
198	1882,855006	6,73276091	1874,86
199	1895,882252	13,027246	1887,89
200	1906,84463	10,96237802	1898,85
201	1912,893739	6,04910899	1904,90
202	1920,242926	7,34918713	1912,25
203	1936,701732	16,45880604	1928,70
204	1948,991462	12,28972983	1940,99
205	1955,89609	6,90462804	1947,90
206	1970,587732	14,69164205	1962,59
207	1985,978886	15,39115405	1977,98
208	1997,154405	11,17551899	1989,16
209	2003,456403	6,3019979	1995,46
210	2009,368428	5,91202497	2001,37
211	2027,63726	18,26883197	2019,64
212	2038,554161	10,91690111	2030,56
213	2056,368004	17,81384301	2048,37
214	2070,383296	14,01529193	2062,39
215	2076,694493	6,31119705	2068,70
216	2084,078692	7,3841989	2076,08
217	2090,009908	5,931216	2082,01
218	2096,646081	6,63617301	2088,65
219	2108,562792	11,91671109	2100,57
220	2114,523698	5,96090603	2106,53
221	2121,204311	6,68061304	2113,21
222	2127,158195	5,95388389	2119,16
223	2155,738247	28,58005214	2147,74
224	2161,627795	5,88954782	2153,63
225	2175,343759	13,71596408	2167,35
226	2181,705864	6,36210489	2173,71
227	2188,699976	6,99411202	2180,70
228	2201,642367	12,94239115	2193,65
229	2225,325445	23,68307782	2217,33
230	2235,608944	10,283499	2227,61
231	2241,190244	5,58130002	2233,19
232	2252,743939	11,5536952	2244,75
233	2265,75892	13,01498079	2257,76
234	2275,528461	9,76954103	2267,53
235	2280,073833	4,54537201	2272,08
236	2292,735364	12,66153097	2284,74
237	2306,063017	13,32765317	2298,07
238	2312,435477	6,37245989	2304,44
239	2320,122778	7,68730092	2312,13
240	2330,269595	10,14681721	2322,27
241	2344,299297	14,02970194	2336,30
242	2349,91091	5,61161304	2341,91
243	2365,014617	15,10370684	2357,02
244	2368,522126	3,50750899	2360,53
245	2374,004347	5,48222113	2366,01
246	2379,258583	5,25423598	2371,26
247	2391,51177	12,25318694	2383,51
248	2398,520773	7,00900292	2390,52
249	2406,920702	8,39992905	2398,92
250	2425,792128	18,87142611	2417,80
251	2437,394984	11,60285592	2429,40
252	2443,997929	6,60294509	2436,00
253	2450,238817	6,24088788	2442,24
254	2455,824565	5,58574795	2447,83
255	2461,822131	5,99756623	2453,83
256	2468,140586	6,31845498	2460,14
257	2475,165498	7,02491188	2467,17
258	2481,461482	6,29598403	2473,46
259	2504,629636	23,168154	2496,63
260	2510,645427	6,01579094	2502,65
261	2516,989575	6,34414816	2508,99
262	2530,94967	13,96009493	2522,95
263	2538,014143	7,06447291	2530,02
264	2553,0754	15,06125712	2545,08
265	2559,404302	6,32890201	2551,41
266	2565,46272	6,05841804	2557,47
267	2571,787383	6,32466292	2563,79
268	2593,575403	21,7880199	2585,58
269	2601,966489	8,3910861	2593,97
270	2609,272046	7,30555701	2601,27
271	2620,126571	10,85452485	2612,13
272	2628,561109	8,43453813	2620,56
273	2641,970059	13,40895009	2633,97
274	2647,543281	5,57322192	2639,55
275	2652,793408	5,25012708	2644,80
276	2658,371309	5,57790088	2650,37
277	2664,963638	6,59232903	2656,97
278	2673,735813	8,77217507	2665,74
279	2689,60224	15,86642695	2681,61
280	2695,548962	5,94672203	2687,55
281	2701,835567	6,28660488	2693,84
282	2708,832677	6,99711013	2700,84
283	2718,990166	10,15748882	2710,99
284	2726,39725	7,40708399	2718,40
285	2735,931696	9,534446	2727,93
286	2743,569073	7,63737702	2735,57
287	2759,072832	15,50375915	2751,08
288	2765,31887	6,24603796	2757,32
289	2771,614312	6,29544186	2763,62
290	2781,169481	9,55516911	2773,17
291	2793,823278	12,65379691	2785,83
292	2807,868155	14,04487705	2799,87
293	2816,966832	9,09867716	2808,97
294	2830,378185	13,41135287	2822,38
295	2839,152175	8,77398992	2831,16
296	2846,524996	7,37282109	2838,53
297	2854,591684	8,06668806	2846,59
298	2867,101996	12,51031184	2859,10
299	2880,130557	13,02856112	2872,13
300	2892,087845	11,95728803	2884,09
301	2898,424349	6,33650398	2890,43
302	2906,507615	8,08326602	2898,51
303	2919,453808	12,94619298	2911,46
304	2935,722972	16,26916408	2927,73
305	2941,671791	5,94881893	2933,67
306	2947,994143	6,32235193	2940,00
307	2955,695334	7,70119095	2947,70
308	2961,962506	6,2671721	2953,97
309	2967,856045	5,89353895	2959,86
310	2977,032952	9,17690706	2969,04
311	2995,324734	18,2917819	2987,33
312	3011,011418	15,68668413	3003,01
313	3016,659204	5,64778591	3008,66
314	3022,620561	5,96135711	3014,62
315	3029,949642	7,32908082	3021,95
316	3035,578067	5,62842512	3027,58
317	3043,270216	7,69214893	3035,27
318	3074,460081	31,18986511	3066,46
319	3082,584007	8,12392592	3074,59
320	3090,975641	8,39163399	3082,98
321	3108,931576	17,955935	3100,93
322	3115,620947	6,68937111	3107,62
323	3122,704577	7,08362985	3114,71
324	3128,012602	5,30802512	3120,02
325	3135,057751	7,04514885	3127,06
326	3141,392757	6,335006	3133,40
327	3148,393147	7,00039005	3140,40
328	3154,655372	6,26222515	3146,66
329	3161,340132	6,68475986	3153,34
330	3168,739293	7,3991611	3160,74
331	3175,704394	6,965101	3167,71
332	3182,332738	6,62834406	3174,34
333	3196,283668	13,95092988	3188,29
334	3209,675205	13,39153695	3201,68
335	3220,527114	10,85190916	3212,53
336	3229,308627	8,78151298	3221,31
337	3236,299671	6,9910438	3228,30
338	3250,412153	14,11248208	3242,42
339	3264,821107	14,40895414	3256,82
340	3271,870506	7,0493989	3263,87
341	3277,472862	5,60235596	3269,48
342	3284,417549	6,94468712	3276,42
343	3290,363435	5,9458859	3282,37
344	3296,704625	6,3411901	3288,71
345	3317,410633	20,70600796	3309,41
346	3324,762774	7,3521409	3316,77
347	3340,087741	15,32496715	3332,09
348	3345,719446	5,6317048	3337,72
349	3352,326016	6,60657001	3344,33
350	3358,226714	5,90069818	3350,23
351	3365,910418	7,6837039	3357,91
352	3395,059367	29,14894891	3387,06
353	3402,062485	7,00311804	3394,07
354	2,097393036		3394,065432
355	7,707860947	5,610467911	3399,68
356	14,94847584	7,240614891	3406,92
357	29,58182883	14,63335299	3421,55
358	37,65501404	8,073185206	3429,62
359	44,59159398	6,936579943	3436,56
360	65,39525604	20,80366206	3457,36
361	71,33865595	5,943399906	3463,31
362	77,24902296	5,910367012	3469,22
363	83,86657405	6,617551088	3475,83
364	89,09181499	5,225240946	3481,06
365	96,03160286	6,939787865	3488,00
366	107,499016	11,46741319	3499,47
367	113,3937399	5,894723892	3505,36
368	121,368468	7,974728107	3513,34
369	127,6829059	6,314437866	3519,65
370	136,722837	9,039931059	3528,69
371	142,9443469	6,221509934	3534,91
372	154,3237779	11,37943101	3546,29
373	168,9903409	14,66656303	3560,96
374	177,3760669	8,385725975	3569,34
375	182,9429538	5,566886902	3574,91
376	193,6510899	10,70813608	3585,62
377	201,6704469	8,019356966	3593,64
378	207,2489998	5,578552961	3599,22
379	222,2695119	15,0205121	3614,24
380	235,7369649	13,467453	3627,71
381	251,245425	15,50846005	3643,21
382	283,9706368	32,72521186	3675,94
383	291,608669	7,638032198	3683,58
384	302,4821849	10,87351584	3694,45
385	316,390352	13,90816712	3708,36
386	321,237036	4,846683979	3713,21
387	326,4669631	5,229927063	3718,44
388	333,04407	6,577106952	3725,01
389	340,0266559	6,982585907	3731,99
390	346,3381429	6,31148696	3738,31
391	352,265296	5,92715311	3744,23
392	359,247894	6,982598067	3751,22
393	365,5238659	6,275971889	3757,49
394	371,7076139	6,183748007	3763,68
395	391,264189	19,55657506	3783,23
396	401,16521	9,901021004	3793,13
397	407,456208	6,290997982	3799,42
398	418,2218781	10,76567006	3810,19
399	427,3164489	9,094570875	3819,28
400	437,015429	9,698980093	3828,98
401	460,6211669	23,60573793	3852,59
402	466,602689	5,981522083	3858,57
403	476,78616	10,18347096	3868,75
404	494,1213999	17,33523989	3886,09
405	500,415777	6,294377089	3892,38
406	505,6251478	5,209370852	3897,59
407	511,6311109	6,005963087	3903,60
408	518,3598008	6,728689909	3910,33
409	524,283114	5,92331314	3916,25
410	546,720902	22,43778801	3938,69
411	552,661653	5,940751076	3944,63
412	562,3822899	9,720636844	3954,35
413	568,6717808	6,289490939	3960,64
414	583,3821199	14,71033907	3975,35
415	594,984726	11,60260606	3986,95
416	612,1596849	17,17495894	4004,13
417	629,6453049	17,48562002	4021,61
418	645,603399	15,95809412	4037,57
419	651,870482	6,26708293	4043,84
420	669,866363	17,99588108	4061,83
421	676,5258229	6,659459829	4068,49
422	682,4041519	5,878329039	4074,37
423	702,0722649	19,66811299	4094,04
424	708,3824959	6,31023097	4100,35
425	716,4886298	8,106133938	4108,46
426	722,8765349	6,387905121	4114,84
427	739,0395219	16,16298699	4131,01
428	745,3259878	6,286465883	4137,29
429	752,3623779	7,036390066	4144,33
430	758,6906569	6,328279018	4150,66
431	767,7558529	9,065196038	4159,72
432	776,467675	8,711822033	4168,44
433	784,5329468	8,065271854	4176,50
434	790,7883899	6,255443096	4182,76
435	796,386035	5,597645045	4188,35
436	803,9967768	7,610741853	4195,96
437	809,9193869	5,922610045	4201,89
438	815,8495579	5,930171013	4207,82
439	822,1442499	6,294692039	4214,11
440	828,3926408	6,248390913	4220,36
441	834,677259	6,284618139	4226,65
442	841,2986479	6,621388913	4233,27
443	847,5974078	6,298759937	4239,57
444	854,2280419	6,630634069	4246,20
445	859,4775789	5,249536991	4251,45
446	873,905596	14,42801714	4265,87
447	881,556963	7,651366949	4273,53
448	892,8629	11,30593705	4284,83
449	898,456248	5,593348026	4290,42
450	905,446789	6,990540981	4297,41
451	914,2114019	8,764612913	4306,18
452	923,334306	9,122904063	4315,30
453	940,1576209	16,82331491	4332,13
454	946,5103009	6,352679968	4338,48
455	958,7980249	12,28772402	4350,77
456	965,333746	6,535721063	4357,30
457	979,7447939	14,41104794	4371,71
458	985,712713	5,967919111	4377,68
459	992,3889019	6,676188946	4384,36
460	998,2996368	5,910734892	4390,27
461	1008,701644	10,4020071	4400,67
462	1028,993778	20,29213405	4420,96
463	1044,051302	15,05752397	4436,02
464	1057,100076	13,048774	4449,07
465	1064,397928	7,29785204	4456,37
466	1094,678503	30,28057504	4486,65
467	1100,954579	6,27607584	4492,92
468	1109,065705	8,11112594	4501,03
